# iso2: 34943 iterations, 603 s, active 470 s in 66 segments, 22 maps
osd fps (30-frame windows, n=902): min 58.0  p1 59.8  p5 59.9  median 59.9  | <55: 0 (0.0%)  <58: 2  <50: 0
presented fps (1-s windows, n=435): 59:18  60:412  61:5
displayed new frames / 60 scanout (n=435): 59:1  60:434  | repeated scanout frames 1, overwritten unseen 0
vsync delta between submits: 1:28073  2:1
active period us: mean 16689  p50 16701  p99 17304  p99.9 20303  max 35073  | > 18357: 59 (0.21%)
steps per iteration: 1:9329  2:18803  3:6  4:2  mean 1.669
pace sleep: 28140 frames (100%), mean 10628 us; paced-frame period mean 16688.6 us vs scan 16688.15 (p99 17304)
mean us/iteration (active): input 83  upd_cpp 3036  lua 652  emit 1308  fab 969  pace 10628  sleep 12  cpu 5870

per map (active):  map  s  osd<55%  long%  p50/p99 period ms  | mean ms: upd_cpp lua emit fab pace  steps
      4     58     0.0   1.23   16.7/19.8   |   3.0   0.9   2.7   7.4   2.7  1.67
      3     14     0.0   0.58   16.7/16.9   |   2.8   0.9   2.1   0.0  10.7  1.67
     41     22     0.0   0.00   16.7/16.9   |   2.9   1.2   2.0   0.1  10.4  1.67
    131     13     0.0   0.00   16.7/16.9   |   1.4   0.4   0.5   0.0  14.3  1.67
      5     15     0.0   0.00   16.7/16.9   |   2.5   0.5   1.0   0.0  12.7  1.67
     37     10     0.0   0.00   16.7/16.9   |   1.7   0.4   0.8   0.0  13.7  1.67
     23     36     0.0   0.00   16.7/16.9   |   3.0   0.5   1.2   0.0  11.9  1.67
     24     36     0.0   0.00   16.7/16.9   |   3.2   0.5   1.0   0.0  11.9  1.67
      7     39     0.0   0.00   16.7/16.9   |   2.4   0.4   1.0   0.0  12.8  1.67
      9     36     0.0   0.00   16.7/16.9   |   2.4   0.5   1.1   0.0  12.7  1.67
     38      0     0.0   0.00   16.7/16.9   |   2.1   0.5   0.9   0.0  13.1  1.67
     40     29     0.0   0.06   16.7/16.9   |   3.5   0.8   1.2   0.0  11.1  1.67
      6      1     0.0   3.12   16.6/20.3   |   5.1   0.4   2.2   0.0   8.9  1.69
     60     39     0.0   0.00   16.7/16.9   |   3.9   0.7   1.4   0.0  10.7  1.67
      8     32     0.0   0.00   16.7/16.9   |   2.8   0.6   0.9   0.0  12.2  1.67
     10     27     0.0   0.00   16.7/16.9   |   2.6   0.6   1.0   0.0  12.3  1.67
     47     13     0.0   0.52   16.7/17.4   |   6.9   1.0   1.2   1.9   5.6  1.67
    116      5     0.0   0.00   16.7/16.9   |   2.2   0.4   0.8   0.0  13.2  1.67
     52     13     0.0   0.13   16.7/16.9   |   1.5   0.5   0.6   0.0  14.0  1.67
    105     27     0.0   0.18   16.7/16.9   |   4.4   0.6   0.8   0.0  10.8  1.67
    106      5     0.0   0.32   16.7/16.9   |   4.3   0.6   1.0   0.0  10.6  1.67

long frames: 59  cause: upload:42  upd_cpp:14  emit:1  pace:1  lua:1
summed growth over map median (ms): input 1  upd_cpp 275  lua 82  emit 170  fab 19  pace 5  sleep 0
steps in the iteration AFTER a long frame: 2:51  3:6  4:2

worst 25:  t(s)  map  period  steps | input upd_cpp lua emit fab pace sleep | cpu nivcsw nvcsw minflt majflt upload cmds -> cause
    528.4    52   35.1 2 |   0.1   2.2  32.1   0.7   0.0   0.0   0.0 |  35.0   2   0    0 0      0     7 -> lua
    298.9     3   34.9 2 |   0.1  33.3   0.4   1.2   0.0   0.0   0.0 |  29.8  62   0    0 0      0    12 -> upd_cpp
    305.7     3   29.0 2 |   0.1  27.1   0.8   1.1   0.0   0.0   0.0 |  28.9   2   0    0 0      0    12 -> upd_cpp
    500.6    47   28.1 2 |   0.1  20.9   5.5   1.7   0.0   0.0   0.0 |  23.9  23   1    0 0      0    16 -> upd_cpp
    311.3     3   26.8 1 |   0.1  25.6   0.0   1.1   0.0   0.0   0.0 |  26.3   5   0    0 0      0    12 -> upd_cpp
     55.5     3   24.1 2 |   0.1  21.3   0.9   1.9   0.0   0.0   0.0 |  24.1   1   0    0 0      0    13 -> upd_cpp
     62.8     3   24.0 2 |   0.1  21.2   0.8   1.9   0.0   0.0   0.0 |  24.0   1   0    0 0      0    13 -> upd_cpp
    499.6    47   23.8 2 |   0.1  19.1   1.7   2.8   0.0   0.0   0.0 |  21.4  12   0   44 0      0    17 -> upd_cpp
     45.5     4   23.7 2 |   0.1   9.6   2.3   9.7   1.9   0.0   0.0 |  21.9   0   7    0 0      0    13 -> emit
    552.8   105   23.2 2 |   0.1  18.3   3.2   1.5   0.0   0.0   0.0 |  22.6   4   0    0 0      0     4 -> upd_cpp
    587.6   106   21.8 2 |   0.1  19.6   1.2   0.8   0.0   0.0   0.0 |  19.6  10   0    0 0      0    12 -> upd_cpp
     47.8     4   21.5 2 |   0.2   4.0   0.9   6.8   9.6   0.0   0.0 |  12.4   2  35    0 0  76800    15 -> upload
     38.6     4   21.2 2 |   0.1   7.2   2.2   6.8   4.9   0.0   0.0 |  16.7   0  18    0 0  76800    16 -> upload
     24.9     4   21.2 2 |   0.1   4.8   1.7   7.5   7.1   0.0   0.0 |  14.1   6  26    0 0  76800    15 -> upload
     16.4     4   21.0 2 |   0.1   5.2   2.0   6.6   7.1   0.0   0.0 |  14.5   0  26    0 0  76800    15 -> upload
     18.3     4   20.9 1 |   0.1   2.4   0.9   6.2  11.3   0.0   0.0 |  10.1   0  43    0 0  76800    17 -> upload
     37.8     4   20.8 1 |   0.1   2.6   1.5   6.1  10.5   0.0   0.0 |  10.8   0  40    1 0  76800    16 -> upload
     38.1     4   20.8 2 |   0.1   3.6   1.3   5.9   9.8   0.0   0.0 |  11.5   0  37    1 0  76800    15 -> upload
     26.4     4   20.7 1 |   0.1   1.4   0.6   6.0  12.6   0.0   0.0 |   8.7   0  48    0 0  76800    15 -> upload
     26.3     4   20.7 2 |   0.1   2.6   1.4   6.0  10.6   0.0   0.0 |  10.6   0  40    0 0  76800    15 -> upload
     48.0     4   20.7 2 |   0.1   4.1   2.4   7.0   7.0   0.0   0.0 |  13.8   6  26    0 0  76800    18 -> upload
     21.4     4   20.7 1 |   0.1   3.2   2.1   6.0   9.2   0.0   0.0 |  11.6   3  35    0 0  76800    14 -> upload
      9.0     4   20.6 2 |   0.1   3.6   1.1   6.6   9.2   0.0   0.0 |  11.8   0  35    1 0  76800    15 -> upload
     25.0     4   20.5 2 |   0.1   3.0   2.9   6.0   8.4   0.0   0.0 |  12.5   0  32    0 0  76800    15 -> upload
     47.7     4   20.5 1 |   0.1   2.8   1.3   6.8   9.6   0.0   0.0 |  10.8   3  33    0 0  76800    15 -> upload

map changes: 59; worst iteration period around each (ms): 3:250, 119:252, 3:253, 3:271, 47:282, 3:294, 105:435, 105:445, 105:707, 4:2313
